/*1、需要编写一个权重文件去存放分配的权重。文件里数据间用空格分开，不能有其他字符。对应看样例。
2、其余部分修改较多，代码较长，写的时间比较短，有很多冗余的地方要靠大家去简化。
3、由于有一部分不能拆开判断输出，加入了一些个人的想法，仅供参考
4、现在可以达到：输入视频文件与权重文件，获得最后输出每一帧是否存在火焰，最后通过存在火焰的帧数与全部帧数的比值和阈值进行判断视频是否存在火焰，

对应每一个数据框便为每一个特征量对应的不同色偏与模糊度的权重。即第一个数据框为红色特征参量，第二个框为区域圆形度对应权重。
共5*5*8=200 个数据
行为色偏等级 列为模糊度等级（不太记得有没有写反了）
例：weight[色偏等级][模糊度等级][对应特征]

如weight[1][2][1]代表色偏等级为2，模糊度等级为3，对应特征为圆形度，对应的权重。
上述文字不能在权重文件中！！！*/
1.1 1.2 1.3 1.4 1.5    //1
2.1 2.2 2.3 2.4 2.5
3.1 3.2 3.3 3.4 3.5
4.1 4.2 4.3 4.4 4.5
5.1 5.2 5.3 5.4 5.5

6.1 6.2 6.3 6.4 6.5    //2
7.1 7.2 7.3 7.4 7.5
8.1 8.2 8.3 8.4 8.5
9.1 9.2 9.3 9.4 9.5
10.1 10.2 10.3 10.4 10.5

1.1 1.2 1.3 1.4 1.5    //3
2.1 2.2 2.3 2.4 2.5
3.1 3.2 3.3 3.4 3.5
4.1 4.2 4.3 4.4 4.5
5.1 5.2 5.3 5.4 5.5

6.1 6.2 6.3 6.4 6.5    //4
7.1 7.2 7.3 7.4 7.5
8.1 8.2 8.3 8.4 8.5
9.1 9.2 9.3 9.4 9.5
10.1 10.2 10.3 10.4 10.5

1.1 1.2 1.3 1.4 1.5    //5
2.1 2.2 2.3 2.4 2.5
3.1 3.2 3.3 3.4 3.5
4.1 4.2 4.3 4.4 4.5
5.1 5.2 5.3 5.4 5.5

6.1 6.2 6.3 6.4 6.5    //6
7.1 7.2 7.3 7.4 7.5
8.1 8.2 8.3 8.4 8.5
9.1 9.2 9.3 9.4 9.5
10.1 10.2 10.3 10.4 10.5

1.1 1.2 1.3 1.4 1.5    //7
2.1 2.2 2.3 2.4 2.5
3.1 3.2 3.3 3.4 3.5
4.1 4.2 4.3 4.4 4.5
5.1 5.2 5.3 5.4 5.5

6.1 6.2 6.3 6.4 6.5    //8
7.1 7.2 7.3 7.4 7.5
8.1 8.2 8.3 8.4 8.5
9.1 9.2 9.3 9.4 9.5
10.1 10.2 10.3 10.4 10.5